# Individual Target Curve for m-R (Helix 96kHz config)
# Crossovers: HPF=300 (lr4), LPF=3500 (lr4)
# Gain Offset: 0.0 dB | Stereo Summation Correction: Yes
# Format: Frequency (Hz) Magnitude (dB)
20.00 -90.15
20.71 -88.94
21.44 -87.73
22.20 -86.53
22.98 -85.32
23.79 -84.12
24.63 -82.91
25.50 -81.70
26.40 -80.50
27.33 -79.29
28.30 -78.09
29.30 -76.88
30.33 -75.67
31.41 -74.47
32.52 -73.26
33.66 -72.06
34.85 -70.85
36.08 -69.72
37.36 -68.61
38.68 -67.49
40.04 -66.38
41.46 -65.28
42.92 -64.17
44.44 -63.07
46.01 -61.98
47.63 -60.89
49.32 -59.80
51.06 -58.71
52.86 -57.63
54.73 -56.55
56.66 -55.48
58.66 -54.41
60.74 -53.35
62.88 -52.29
65.10 -51.23
67.40 -50.18
69.78 -49.14
72.25 -48.10
74.80 -47.06
77.44 -46.03
80.18 -45.01
83.01 -43.95
85.94 -42.90
88.98 -41.85
92.12 -40.81
95.37 -39.78
98.74 -38.75
102.23 -37.73
105.84 -36.72
109.58 -35.71
113.45 -34.72
117.46 -33.73
121.60 -32.75
125.90 -31.78
130.35 -30.82
134.95 -29.86
139.72 -28.92
144.65 -27.99
149.76 -27.06
155.05 -26.15
160.53 -25.25
166.20 -24.35
172.07 -23.47
178.15 -22.59
184.44 -21.72
190.95 -20.85
197.70 -19.95
204.68 -18.94
211.91 -17.92
219.40 -16.93
227.15 -15.97
235.17 -15.03
243.48 -14.14
252.08 -13.27
260.98 -12.45
270.20 -11.66
279.74 -10.91
289.62 -10.20
299.85 -9.54
310.45 -8.92
321.41 -8.34
332.76 -7.80
344.52 -7.30
356.69 -6.84
369.28 -6.41
382.33 -6.03
395.83 -5.67
409.81 -5.35
424.29 -5.06
439.28 -4.79
454.79 -4.55
470.86 -4.34
487.49 -4.14
504.71 -3.97
522.54 -3.81
540.99 -3.67
560.10 -3.54
579.88 -3.42
600.37 -3.32
621.57 -3.23
643.53 -3.15
666.26 -3.08
689.79 -3.02
714.16 -2.96
739.38 -2.91
765.50 -2.87
792.54 -2.84
820.53 -2.82
849.51 -2.80
879.52 -2.79
910.59 -2.78
942.75 -2.78
976.05 -2.78
1010.53 -2.81
1046.22 -2.90
1083.17 -2.98
1121.43 -3.08
1161.05 -3.17
1202.06 -3.28
1244.51 -3.38
1288.47 -3.50
1333.98 -3.62
1381.10 -3.74
1429.89 -3.86
1480.39 -4.00
1532.68 -4.13
1586.82 -4.27
1642.87 -4.42
1700.90 -4.57
1760.98 -4.72
1823.18 -4.89
1887.58 -5.05
1954.25 -5.23
2023.28 -5.41
2094.74 -5.61
2168.73 -5.81
2245.34 -6.02
2324.64 -6.25
2406.76 -6.50
2491.77 -6.76
2579.78 -7.04
2670.90 -7.35
2765.24 -7.68
2862.92 -8.03
2964.04 -8.42
3068.74 -8.83
3177.13 -9.28
3289.35 -9.76
3405.54 -10.28
3525.83 -10.84
3650.37 -11.44
3779.30 -12.07
3912.80 -12.74
4051.00 -13.45
4194.09 -14.19
4342.24 -14.98
4495.61 -15.79
4654.40 -16.64
4818.81 -17.52
4989.02 -18.43
5165.24 -19.37
5347.68 -20.34
5536.57 -21.33
5732.14 -22.34
5934.60 -23.37
6144.23 -24.42
6361.25 -25.49
6585.94 -26.58
6818.57 -27.68
7059.41 -28.79
7308.77 -29.92
7566.93 -31.05
7834.20 -32.20
8110.92 -33.36
8397.41 -34.52
8694.03 -35.69
9001.12 -36.87
9319.05 -38.06
9648.22 -39.25
9989.01 -40.45
10341.84 -41.65
10707.13 -42.85
11085.33 -44.06
11476.88 -45.27
11882.27 -46.48
12301.97 -47.69
12736.50 -48.91
13186.38 -50.13
13652.14 -51.35
14134.36 -52.57
14633.61 -53.80
15150.50 -55.02
15685.64 -56.25
16239.69 -57.47
16813.31 -58.70
17407.18 -59.93
18022.04 -61.16
18658.61 -62.39
19317.66 -63.61
20000.00 -64.84
