# Generated from Nono Tuning Tool
# Version 3.1.1
# NTT: Name - ResoNix Accurate
# NTT: Definition v2 - DACeAgI-AFMCAIAA2wEAdgGQAQNcCG0BAOwOXgEBKBlyAQJgVF4BAQ 
12 13.5
12.228 13.5
12.461 13.5
12.697 13.5
12.939 13.5
13.185 13.499
13.435 13.499
13.691 13.498
13.951 13.497
14.216 13.496
14.487 13.494
14.762 13.492
15.043 13.49
15.329 13.488
15.62 13.484
15.917 13.481
16.22 13.477
16.528 13.472
16.842 13.467
17.162 13.461
17.488 13.455
17.821 13.448
18.16 13.44
18.505 13.431
18.857 13.422
19.215 13.412
19.58 13.401
19.953 13.389
20.332 13.376
20.719 13.362
21.112 13.347
21.514 13.332
21.923 13.315
22.339 13.297
22.764 13.278
23.197 13.258
23.638 13.236
24.087 13.214
24.545 13.19
25.012 13.165
25.487 13.138
25.972 13.11
26.466 13.081
26.969 13.05
27.481 13.018
28.004 12.985
28.536 12.95
29.079 12.913
29.631 12.875
30.195 12.835
30.769 12.793
31.354 12.75
31.95 12.705
32.557 12.658
33.176 12.61
33.807 12.559
34.449 12.507
35.104 12.453
35.771 12.397
36.452 12.339
37.144 12.279
37.851 12.216
38.57 12.152
39.303 12.086
40.051 12.018
40.812 11.947
41.588 11.874
42.378 11.799
43.184 11.722
44.005 11.642
44.841 11.56
45.694 11.476
46.563 11.389
47.448 11.3
48.35 11.209
49.269 11.114
50.205 11.018
51.16 10.918
52.132 10.817
53.124 10.712
54.133 10.605
55.162 10.495
56.211 10.382
57.28 10.267
58.369 10.148
59.478 10.027
60.609 9.903
61.761 9.776
62.935 9.626
64.132 9.47
65.351 9.314
66.593 9.158
67.859 9.003
69.149 8.847
70.464 8.691
71.803 8.535
73.168 8.379
74.559 8.223
75.976 8.067
77.421 7.911
78.893 7.756
80.392 7.6
81.921 7.444
83.478 7.288
85.065 7.132
86.682 6.976
88.33 6.82
90.009 6.665
91.72 6.509
93.464 6.353
95.241 6.197
97.051 6.041
98.896 5.885
100.776 5.729
102.692 5.573
104.644 5.418
106.633 5.262
108.66 5.106
110.726 4.95
112.831 4.794
114.976 4.638
117.162 4.482
119.389 4.326
121.659 4.171
123.971 4.015
126.328 3.859
128.73 3.691
131.177 3.499
133.671 3.313
136.212 3.135
138.801 2.963
141.44 2.797
144.128 2.638
146.868 2.484
149.66 2.337
152.505 2.196
155.405 2.061
158.359 1.931
161.369 1.807
164.437 1.688
167.563 1.575
170.748 1.466
173.994 1.363
177.302 1.265
180.673 1.172
184.107 1.083
187.607 0.999
191.174 0.919
194.808 0.844
198.511 0.773
202.285 0.706
206.131 0.643
210.049 0.584
214.042 0.529
218.111 0.477
222.258 0.429
226.483 0.384
230.788 0.342
235.176 0.304
239.646 0.268
244.202 0.236
248.844 0.206
253.575 0.179
258.395 0.154
263.308 0.131
268.313 0.111
273.414 0.094
278.612 0.078
283.908 0.064
289.305 0.052
294.805 0.041
300.409 0.032
306.12 0.024
311.94 0.018
317.87 0.013
323.912 0.009
330.07 0.006
336.345 0.004
342.739 0.002
349.254 0.001
355.894 0
362.659 0
369.554 0
376.579 0
383.738 0
391.033 0
398.466 0
406.041 0
413.76 0
421.626 -0.001
429.641 -0.001
437.809 -0.001
446.131 -0.002
454.613 -0.002
463.255 -0.003
472.061 -0.004
481.035 -0.005
490.18 -0.007
499.498 -0.008
508.994 -0.01
518.67 -0.012
528.53 -0.014
538.578 -0.016
548.816 -0.019
559.249 -0.021
569.881 -0.025
580.714 -0.028
591.754 -0.032
603.003 -0.036
614.466 -0.04
626.148 -0.045
638.051 -0.05
650.18 -0.056
662.54 -0.062
675.135 -0.068
687.97 -0.075
701.048 -0.082
714.376 -0.089
727.956 -0.097
741.795 -0.106
755.896 -0.115
770.266 -0.124
784.909 -0.134
799.83 -0.145
815.035 -0.156
830.529 -0.167
846.318 -0.18
862.407 -0.192
878.801 -0.206
895.507 -0.219
912.531 -0.234
929.879 -0.249
947.556 -0.265
965.569 -0.281
983.925 -0.298
1002.63 -0.316
1021.69 -0.335
1041.112 -0.354
1060.904 -0.374
1081.072 -0.394
1101.624 -0.416
1122.566 -0.438
1143.906 -0.461
1165.652 -0.484
1187.811 -0.509
1210.392 -0.534
1233.402 -0.56
1256.849 -0.587
1280.742 -0.615
1305.089 -0.644
1329.899 -0.673
1355.181 -0.704
1380.943 -0.735
1407.195 -0.767
1433.946 -0.8
1461.206 -0.835
1488.984 -0.87
1517.29 -0.906
1546.134 -0.943
1575.526 -0.981
1605.478 -1.02
1635.998 -1.06
1667.099 -1.101
1698.791 -1.143
1731.085 -1.186
1763.994 -1.23
1797.527 -1.276
1831.699 -1.322
1866.52 -1.37
1902.003 -1.419
1938.16 -1.468
1975.005 -1.519
2012.551 -1.572
2050.81 -1.625
2089.796 -1.68
2129.524 -1.735
2170.007 -1.803
2211.259 -1.87
2253.295 -1.933
2296.131 -1.992
2339.781 -2.046
2384.261 -2.096
2429.586 -2.143
2475.773 -2.186
2522.838 -2.225
2570.798 -2.261
2619.67 -2.293
2669.47 -2.323
2720.218 -2.349
2771.93 -2.373
2824.625 -2.394
2878.321 -2.413
2933.039 -2.429
2988.797 -2.443
3045.615 -2.455
3103.512 -2.465
3162.511 -2.474
3222.631 -2.481
3283.894 -2.487
3346.322 -2.491
3409.936 -2.494
3474.76 -2.497
3540.816 -2.498
3608.128 -2.499
3676.719 -2.5
3746.614 -2.5
3817.838 -2.5
3890.416 -2.465
3964.374 -2.429
4039.738 -2.393
4116.534 -2.357
4194.791 -2.321
4274.535 -2.285
4355.795 -2.249
4438.599 -2.213
4522.978 -2.177
4608.961 -2.141
4696.578 -2.104
4785.862 -2.068
4876.842 -2.032
4969.552 -1.996
5064.024 -1.96
5160.293 -1.924
5258.391 -1.888
5358.354 -1.852
5460.218 -1.816
5564.018 -1.78
5669.791 -1.744
5777.576 -1.708
5887.409 -1.672
5999.33 -1.636
6113.378 -1.6
6229.595 -1.564
6348.021 -1.528
6468.699 -1.5
6591.67 -1.5
6716.98 -1.5
6844.671 -1.501
6974.79 -1.501
7107.382 -1.502
7242.495 -1.504
7380.177 -1.506
7520.476 -1.508
7663.442 -1.512
7809.126 -1.516
7957.579 -1.521
8108.855 -1.528
8263.006 -1.535
8420.088 -1.543
8580.156 -1.553
8743.267 -1.565
8909.478 -1.577
9078.85 -1.591
9251.441 -1.607
9427.313 -1.625
9606.529 -1.644
9789.151 -1.666
9975.245 -1.689
10164.877 -1.715
10358.114 -1.742
10555.024 -1.772
10755.678 -1.805
10960.146 -1.839
11168.501 -1.877
11380.817 -1.917
11597.169 -1.959
11817.634 -2.005
12042.29 -2.05
12271.217 -2.092
12504.496 -2.131
12742.209 -2.168
12984.442 -2.202
13231.279 -2.234
13482.809 -2.264
13739.12 -2.291
14000.305 -2.316
14266.454 -2.339
14537.662 -2.36
14814.027 -2.379
15095.645 -2.396
15382.617 -2.412
15675.044 -2.426
15973.031 -2.438
16276.682 -2.449
16586.106 -2.458
16901.412 -2.467
17222.712 -2.474
17550.12 -2.48
17883.752 -2.485
18223.726 -2.489
18570.164 -2.492
18923.187 -2.495
19282.921 -2.497
19649.494 -2.498
20023.036 -2.499
20403.679 -2.5
20791.558 -2.5
21186.81 -2.5
22000 -2.5