# Individual Target Curve for sw (Helix 96kHz config)
# Crossovers: HPF=20 (bw2), LPF=60 (lr4)
# Gain Offset: 0.0 dB | Stereo Summation Correction: No
# Format: Frequency (Hz) Magnitude (dB)
20.00 5.88
20.71 6.16
21.44 6.41
22.20 6.64
22.98 6.85
23.79 7.03
24.63 7.19
25.50 7.33
26.40 7.44
27.33 7.54
28.30 7.61
29.30 7.67
30.33 7.70
31.41 7.71
32.52 7.70
33.66 7.67
34.85 7.62
36.08 7.46
37.36 7.27
38.68 7.06
40.04 6.81
41.46 6.53
42.92 6.22
44.44 5.88
46.01 5.50
47.63 5.08
49.32 4.62
51.06 4.12
52.86 3.57
54.73 2.98
56.66 2.35
58.66 1.66
60.74 0.93
62.88 0.16
65.10 -0.67
67.40 -1.53
69.78 -2.45
72.25 -3.41
74.80 -4.40
77.44 -5.44
80.18 -6.52
83.01 -7.63
85.94 -8.78
88.98 -9.96
92.12 -11.16
95.37 -12.40
98.74 -13.65
102.23 -14.94
105.84 -16.24
109.58 -17.56
113.45 -18.90
117.46 -20.26
121.60 -21.63
125.90 -23.01
130.35 -24.41
134.95 -25.81
139.72 -27.23
144.65 -28.65
149.76 -30.08
155.05 -31.52
160.53 -32.96
166.20 -34.40
172.07 -35.84
178.15 -37.27
184.44 -38.70
190.95 -40.10
197.70 -41.47
204.68 -42.70
211.91 -43.90
219.40 -45.10
227.15 -46.30
235.17 -47.50
243.48 -48.70
252.08 -49.90
260.98 -51.10
270.20 -52.30
279.74 -53.51
289.62 -54.71
299.85 -55.92
310.45 -57.12
321.41 -58.33
332.76 -59.53
344.52 -60.74
356.69 -61.94
369.28 -63.15
382.33 -64.36
395.83 -65.56
409.81 -66.77
424.29 -67.98
439.28 -69.19
454.79 -70.40
470.86 -71.61
487.49 -72.82
504.71 -74.03
522.54 -75.24
540.99 -76.46
560.10 -77.67
579.88 -78.89
600.37 -80.11
621.57 -81.33
643.53 -82.55
666.26 -83.78
689.79 -85.00
714.16 -86.23
739.38 -87.46
765.50 -88.70
792.54 -89.93
820.53 -91.17
849.51 -92.41
879.52 -93.66
910.59 -94.91
942.75 -96.16
976.05 -97.42
1010.53 -98.68
1046.22 -99.97
1083.17 -101.26
1121.43 -102.56
1161.05 -103.85
1202.06 -105.15
1244.51 -106.45
1288.47 -107.75
1333.98 -109.06
1381.10 -110.36
1429.89 -111.67
1480.39 -112.97
1532.68 -114.28
1586.82 -115.58
1642.87 -116.88
1700.90 -118.18
1760.98 -119.47
1823.18 -120.76
1887.58 -122.05
1954.25 -123.33
2023.28 -124.61
2094.74 -125.88
2168.73 -127.14
2245.34 -128.40
2324.64 -129.65
2406.76 -130.89
2491.77 -132.13
2579.78 -133.36
2670.90 -134.58
2765.24 -135.79
2862.92 -137.00
2964.04 -138.20
3068.74 -139.39
3177.13 -140.58
3289.35 -141.76
3405.54 -142.93
3525.83 -144.10
3650.37 -145.27
3779.30 -146.44
3912.80 -147.60
4051.00 -148.76
4194.09 -149.92
4342.24 -151.08
4495.61 -152.23
4654.40 -153.39
4818.81 -154.55
4989.02 -155.71
5165.24 -156.87
5347.68 -158.03
5536.57 -159.20
5732.14 -160.37
5934.60 -161.54
6144.23 -162.71
6361.25 -163.89
6585.94 -165.07
6818.57 -166.25
7059.41 -167.44
7308.77 -168.63
7566.93 -169.82
7834.20 -171.02
8110.92 -172.22
8397.41 -173.42
8694.03 -174.63
9001.12 -175.84
9319.05 -177.05
9648.22 -178.26
9989.01 -179.47
10341.84 -180.69
10707.13 -181.91
11085.33 -183.13
11476.88 -184.35
11882.27 -185.57
12301.97 -186.80
12736.50 -188.02
13186.38 -189.25
13652.14 -190.47
14134.36 -191.70
14633.61 -192.93
15150.50 -194.16
15685.64 -195.38
16239.69 -196.61
16813.31 -197.84
17407.18 -199.07
18022.04 -200.30
18658.61 -201.53
19317.66 -202.76
20000.00 -203.99
