# Individual Target Curve for w-R (Helix 96kHz config)
# Crossovers: HPF=60 (lr4), LPF=300 (lr4)
# Gain Offset: 0.0 dB | Stereo Summation Correction: Yes
# Format: Frequency (Hz) Magnitude (dB)
20.00 -34.56
20.71 -33.37
21.44 -32.18
22.20 -31.00
22.98 -29.81
23.79 -28.63
24.63 -27.46
25.50 -26.29
26.40 -25.12
27.33 -23.96
28.30 -22.81
29.30 -21.67
30.33 -20.53
31.41 -19.40
32.52 -18.29
33.66 -17.18
34.85 -16.09
36.08 -15.10
37.36 -14.13
38.68 -13.18
40.04 -12.26
41.46 -11.37
42.92 -10.50
44.44 -9.67
46.01 -8.86
47.63 -8.10
49.32 -7.37
51.06 -6.68
52.86 -6.03
54.73 -5.43
56.66 -4.87
58.66 -4.36
60.74 -3.89
62.88 -3.47
65.10 -3.09
67.40 -2.76
69.78 -2.48
72.25 -2.24
74.80 -2.04
77.44 -1.88
80.18 -1.76
83.01 -1.63
85.94 -1.54
88.98 -1.48
92.12 -1.45
95.37 -1.45
98.74 -1.47
102.23 -1.53
105.84 -1.60
109.58 -1.69
113.45 -1.81
117.46 -1.95
121.60 -2.10
125.90 -2.27
130.35 -2.46
134.95 -2.66
139.72 -2.88
144.65 -3.12
149.76 -3.37
155.05 -3.63
160.53 -3.91
166.20 -4.20
172.07 -4.50
178.15 -4.82
184.44 -5.14
190.95 -5.45
197.70 -5.75
204.68 -5.94
211.91 -6.12
219.40 -6.33
227.15 -6.56
235.17 -6.83
243.48 -7.13
252.08 -7.47
260.98 -7.85
270.20 -8.26
279.74 -8.72
289.62 -9.21
299.85 -9.75
310.45 -10.33
321.41 -10.96
332.76 -11.62
344.52 -12.33
356.69 -13.07
369.28 -13.85
382.33 -14.67
395.83 -15.52
409.81 -16.40
424.29 -17.32
439.28 -18.26
454.79 -19.22
470.86 -20.21
487.49 -21.22
504.71 -22.25
522.54 -23.30
540.99 -24.36
560.10 -25.43
579.88 -26.52
600.37 -27.63
621.57 -28.74
643.53 -29.86
666.26 -31.00
689.79 -32.14
714.16 -33.29
739.38 -34.44
765.50 -35.61
792.54 -36.78
820.53 -37.95
849.51 -39.14
879.52 -40.32
910.59 -41.52
942.75 -42.72
976.05 -43.92
1010.53 -45.15
1046.22 -46.43
1083.17 -47.71
1121.43 -49.00
1161.05 -50.29
1202.06 -51.58
1244.51 -52.88
1288.47 -54.18
1333.98 -55.48
1381.10 -56.78
1429.89 -58.08
1480.39 -59.38
1532.68 -60.69
1586.82 -61.99
1642.87 -63.29
1700.90 -64.58
1760.98 -65.88
1823.18 -67.17
1887.58 -68.45
1954.25 -69.73
2023.28 -71.01
2094.74 -72.28
2168.73 -73.54
2245.34 -74.80
2324.64 -76.05
2406.76 -77.29
2491.77 -78.53
2579.78 -79.75
2670.90 -80.97
2765.24 -82.19
2862.92 -83.39
2964.04 -84.59
3068.74 -85.79
3177.13 -86.97
3289.35 -88.15
3405.54 -89.33
3525.83 -90.50
3650.37 -91.67
3779.30 -92.83
3912.80 -94.00
4051.00 -95.16
4194.09 -96.31
4342.24 -97.47
4495.61 -98.63
4654.40 -99.79
4818.81 -100.95
4989.02 -102.10
5165.24 -103.27
5347.68 -104.43
5536.57 -105.59
5732.14 -106.76
5934.60 -107.93
6144.23 -109.11
6361.25 -110.29
6585.94 -111.47
6818.57 -112.65
7059.41 -113.84
7308.77 -115.03
7566.93 -116.22
7834.20 -117.42
8110.92 -118.62
8397.41 -119.82
8694.03 -121.03
9001.12 -122.23
9319.05 -123.44
9648.22 -124.66
9989.01 -125.87
10341.84 -127.09
10707.13 -128.31
11085.33 -129.53
11476.88 -130.75
11882.27 -131.97
12301.97 -133.19
12736.50 -134.42
13186.38 -135.64
13652.14 -136.87
14134.36 -138.10
14633.61 -139.33
15150.50 -140.55
15685.64 -141.78
16239.69 -143.01
16813.31 -144.24
17407.18 -145.47
18022.04 -146.70
18658.61 -147.93
19317.66 -149.16
20000.00 -150.39
