# EMMA-Ref v3 (Juicy Edition)
# Developed within the autosound-tuning project
# https://github.com/ayukhno/autosound-tuning-skill
# Reference target curve, magnitude only (dB), 0 dB anchored
20.000 9.000
20.706 9.000
21.438 9.000
22.195 9.000
22.979 9.000
23.791 9.000
24.631 9.000
25.501 9.000
26.402 9.000
27.334 9.000
28.300 9.000
29.299 9.000
30.334 9.000
31.406 9.000
32.515 9.000
33.664 9.000
34.853 9.000
36.084 8.920
37.358 8.830
38.678 8.740
40.044 8.640
41.458 8.540
42.923 8.440
44.439 8.340
46.009 8.230
47.634 8.110
49.316 8.000
51.058 7.880
52.862 7.750
54.729 7.630
56.662 7.500
58.663 7.360
60.735 7.220
62.881 7.080
65.102 6.930
67.401 6.770
69.782 6.620
72.247 6.450
74.799 6.290
77.441 6.110
80.176 5.940
83.008 5.760
85.940 5.570
88.976 5.380
92.118 5.180
95.372 4.980
98.741 4.770
102.229 4.560
105.840 4.340
109.578 4.120
113.449 3.890
117.456 3.660
121.604 3.420
125.900 3.180
130.347 2.930
134.951 2.680
139.718 2.430
144.653 2.180
149.762 1.920
155.052 1.660
160.529 1.400
166.199 1.150
172.069 0.890
178.147 0.650
184.440 0.420
190.954 0.210
197.699 0.030
204.682 -0.000
211.912 -0.000
219.397 -0.000
227.147 -0.000
235.170 -0.000
243.477 -0.000
252.077 -0.000
260.980 -0.000
270.199 -0.000
279.743 -0.000
289.624 -0.000
299.854 -0.000
310.445 -0.000
321.411 -0.000
332.763 -0.000
344.517 -0.000
356.686 -0.010
369.285 -0.010
382.329 -0.010
395.833 -0.010
409.815 -0.010
424.290 -0.020
439.277 -0.020
454.793 -0.020
470.857 -0.030
487.489 -0.030
504.708 -0.040
522.535 -0.050
540.992 -0.050
560.101 -0.060
579.885 -0.070
600.367 -0.090
621.573 -0.100
643.528 -0.120
666.259 -0.140
689.792 -0.160
714.157 -0.180
739.383 -0.200
765.499 -0.230
792.538 -0.260
820.532 -0.300
849.514 -0.330
879.521 -0.370
910.587 -0.420
942.751 -0.460
976.050 -0.510
1010.526 -0.570
1046.220 -0.650
1083.174 -0.740
1121.434 -0.830
1161.045 -0.920
1202.055 -1.010
1244.514 -1.100
1288.473 -1.200
1333.984 -1.300
1381.103 -1.400
1429.886 -1.490
1480.392 -1.590
1532.682 -1.690
1586.819 -1.790
1642.869 -1.880
1700.898 -1.970
1760.977 -2.060
1823.178 -2.150
1887.576 -2.230
1954.248 -2.300
2023.276 -2.380
2094.742 -2.440
2168.732 -2.500
2245.336 -2.550
2324.645 -2.590
2406.756 -2.630
2491.767 -2.660
2579.781 -2.680
2670.903 -2.700
2765.244 -2.700
2862.918 -2.700
2964.041 -2.700
3068.737 -2.680
3177.130 -2.660
3289.352 -2.640
3405.538 -2.610
3525.828 -2.580
3650.367 -2.540
3779.305 -2.500
3912.797 -2.450
4051.004 -2.410
4194.093 -2.360
4342.236 -2.310
4495.612 -2.260
4654.405 -2.210
4818.807 -2.160
4989.016 -2.120
5165.238 -2.070
5347.683 -2.030
5536.573 -1.990
5732.135 -1.950
5934.605 -1.920
6144.226 -1.890
6361.251 -1.860
6585.943 -1.830
6818.570 -1.810
7059.415 -1.790
7308.766 -1.770
7566.925 -1.760
7834.203 -1.750
8110.921 -1.750
8397.414 -1.740
8694.026 -1.740
9001.115 -1.740
9319.051 -1.750
9648.217 -1.760
9989.010 -1.760
10341.840 -1.770
10707.133 -1.790
11085.329 -1.800
11476.883 -1.820
11882.268 -1.830
12301.972 -1.850
12736.500 -1.870
13186.377 -1.890
13652.144 -1.910
14134.363 -1.930
14633.614 -1.950
15150.501 -1.970
15685.644 -2.000
16239.690 -2.020
16813.306 -2.040
17407.183 -2.070
18022.037 -2.090
18658.608 -2.110
19317.664 -2.140
20000.000 -2.160
